"VariableSE3QuaternionRightAD" { 
  "#id" : 1, 
  "graph_id" : 0, 
  "status" : 2, 
  "estimate" : [ 1, 0, 0, 0, 0, 1, 0, 0, 0, 0, 1, 0, 0, 0, 0, 1 ]
 }

"VariableSE3QuaternionRightAD" { 
  "#id" : 2, 
  "graph_id" : 1, 
  "status" : 0, 
  "estimate" : [ 0.999842346, 0.00361307664, 0.017384965, 4.15447998, -0.00398701848, 0.999760389, 0.0215231255, -0.0665287971, -0.0173030365, -0.0215890463, 0.999617159, 0.000389663008, 0, 0, 0, 1 ]
 }

"VariableSE3QuaternionRightAD" { 
  "#id" : 3, 
  "graph_id" : 2, 
  "status" : 0, 
  "estimate" : [ 0.999868333, -0.00357491826, 0.0158296321, 8.31418991, 0.00332051353, 0.999865353, 0.016068656, -0.173106, -0.0158849452, -0.0160139762, 0.999745607, -0.0129024005, 0, 0, 0, 1 ]
 }

"VariableSE3QuaternionRightAD" { 
  "#id" : 4, 
  "graph_id" : 3, 
  "status" : 0, 
  "estimate" : [ 0.999315321, -0.0333203115, -0.0160819627, 12.6035004, 0.033647418, 0.999223173, 0.0205169879, -0.183699995, 0.0153858364, -0.0210440569, 0.999660134, -0.0848859027, 0, 0, 0, 1 ]
 }

"VariableSE3QuaternionRightAD" { 
  "#id" : 5, 
  "graph_id" : 4, 
  "status" : 0, 
  "estimate" : [ 0.99863106, -0.0521308258, 0.0042856019, 16.7770996, 0.0521115996, 0.998631179, 0.00448228559, -0.114667997, -0.00451340107, -0.00425281981, 0.999980748, -0.0691962987, 0, 0, 0, 1 ]
 }

"VariableSE3QuaternionRightAD" { 
  "#id" : 6, 
  "graph_id" : 5, 
  "status" : 0, 
  "estimate" : [ 0.999145925, -0.0411132835, 0.00414403435, 20.9398003, 0.0410361774, 0.999009073, 0.0172321405, -0.00248174998, -0.00484839734, -0.0170473661, 0.999842942, -0.0844060034, 0, 0, 0, 1 ]
 }

"VariableSE3QuaternionRightAD" { 
  "#id" : 7, 
  "graph_id" : 6, 
  "status" : 0, 
  "estimate" : [ 0.999339998, -0.0290930495, 0.0217533652, 25.4211006, 0.0288344044, 0.999510825, 0.0121105528, 0.0358226001, -0.0220950563, -0.0114753153, 0.999689996, -0.125635996, 0, 0, 0, 1 ]
 }

"VariableSE3QuaternionRightAD" { 
  "#id" : 8, 
  "graph_id" : 7, 
  "status" : 0, 
  "estimate" : [ 0.999243736, -0.0248083323, 0.0299409218, 29.4976006, 0.0243722908, 0.999592781, 0.014841604, 0.063109301, -0.0302969255, -0.0141006522, 0.999441504, -0.201527998, 0, 0, 0, 1 ]
 }

"VariableSE3QuaternionRightAD" { 
  "#id" : 9, 
  "graph_id" : 8, 
  "status" : 0, 
  "estimate" : [ 0.997184992, -0.0702450499, 0.0262240618, 34.010601, 0.0700188801, 0.997500956, 0.00944640953, 0.105843998, -0.0268220901, -0.00758363865, 0.999611437, -0.27974999, 0, 0, 0, 1 ]
 }

"VariableSE3QuaternionRightAD" { 
  "#id" : 10, 
  "graph_id" : 9, 
  "status" : 0, 
  "estimate" : [ 0.970109344, -0.239963144, 0.0361320972, 38.2318993, 0.24019751, 0.970721483, -0.00222691614, 0.57693398, -0.0345398262, 0.0108391875, 0.999344528, -0.402484, 0, 0, 0, 1 ]
 }

"VariableSE3QuaternionRightAD" { 
  "#id" : 11, 
  "graph_id" : 10, 
  "status" : 0, 
  "estimate" : [ 0.870861411, -0.490793139, 0.0268812347, 42.1531982, 0.491006166, 0.871154785, -0.00154581433, 2.0274899, -0.0226590429, 0.0145450365, 0.999637425, -0.52650398, 0, 0, 0, 1 ]
 }

"VariableSE3QuaternionRightAD" { 
  "#id" : 12, 
  "graph_id" : 11, 
  "status" : 0, 
  "estimate" : [ 0.70062542, -0.712721109, 0.0339468494, 45.6945, 0.71323812, 0.700905204, -0.00479561137, 4.55018997, -0.0203755833, 0.0275721233, 0.999412119, -0.552788973, 0, 0, 0, 1 ]
 }

"VariableSE3QuaternionRightAD" { 
  "#id" : 13, 
  "graph_id" : 12, 
  "status" : 0, 
  "estimate" : [ 0.50438714, -0.862649798, 0.0378105529, 48.1646996, 0.863161445, 0.504904151, 0.00497091375, 7.74842978, -0.0233788732, 0.0301293228, 0.999272585, -0.667841017, 0, 0, 0, 1 ]
 }

"VariableSE3QuaternionRightAD" { 
  "#id" : 14, 
  "graph_id" : 13, 
  "status" : 0, 
  "estimate" : [ 0.398978412, -0.916577816, 0.0264939629, 50.1559982, 0.916763902, 0.399324715, 0.00917867199, 11.5769997, -0.0189926643, 0.0206266027, 0.999606848, -0.69599998, 0, 0, 0, 1 ]
 }

"VariableSE3QuaternionRightAD" { 
  "#id" : 15, 
  "graph_id" : 14, 
  "status" : 0, 
  "estimate" : [ 0.352185547, -0.935795605, 0.0158615597, 51.7812004, 0.935828209, 0.352346659, 0.00877816975, 15.3175001, -0.0138033396, 0.0117521547, 0.99983567, -0.669435024, 0, 0, 0, 1 ]
 }

"VariableSE3QuaternionRightAD" { 
  "#id" : 16, 
  "graph_id" : 15, 
  "status" : 0, 
  "estimate" : [ 0.115666211, -0.993239701, 0.00971343368, 53.0480995, 0.992977858, 0.115868688, 0.0238240715, 19.1145, -0.0247885119, 0.006889618, 0.999668956, -0.823953986, 0, 0, 0, 1 ]
 }

"VariableSE3QuaternionRightAD" { 
  "#id" : 17, 
  "graph_id" : 16, 
  "status" : 0, 
  "estimate" : [ -0.366145611, -0.930396259, 0.0173241049, 52.6523018, 0.930032432, -0.366500854, -0.0267708581, 23.4136009, 0.0312568061, 0.0063099484, 0.999491453, -0.810148001, 0, 0, 0, 1 ]
 }

"VariableSE3QuaternionRightAD" { 
  "#id" : 18, 
  "graph_id" : 17, 
  "status" : 0, 
  "estimate" : [ -0.661195397, -0.749817252, 0.0243934132, 50.6753006, 0.749896765, -0.661511779, -0.00757005112, 26.9300995, 0.0218126811, 0.0132872574, 0.999673784, -0.601948977, 0, 0, 0, 1 ]
 }

"VariableSE3QuaternionRightAD" { 
  "#id" : 19, 
  "graph_id" : 18, 
  "status" : 0, 
  "estimate" : [ -0.808612466, -0.587544203, 0.0306546595, 47.6669998, 0.588144481, -0.808595777, 0.0161541943, 29.8339996, 0.0152958985, 0.031091826, 0.999399483, -0.525147021, 0, 0, 0, 1 ]
 }

"VariableSE3QuaternionRightAD" { 
  "#id" : 20, 
  "graph_id" : 19, 
  "status" : 0, 
  "estimate" : [ -0.852427602, -0.521579206, 0.0363750681, 44.0677986, 0.522426128, -0.852466941, 0.019283291, 32.3368988, 0.0209507681, 0.0354408845, 0.999152124, -0.455466002, 0, 0, 0, 1 ]
 }

"VariableSE3QuaternionRightAD" { 
  "#id" : 21, 
  "graph_id" : 20, 
  "status" : 0, 
  "estimate" : [ -0.866023183, -0.499106616, 0.0299924854, 40.4776993, 0.499815434, -0.865792751, 0.0243030991, 34.5982018, 0.0138374027, 0.0360377058, 0.999254644, -0.372844011, 0, 0, 0, 1 ]
 }

"VariableSE3QuaternionRightAD" { 
  "#id" : 22, 
  "graph_id" : 21, 
  "status" : 0, 
  "estimate" : [ -0.876039982, -0.480172455, 0.0445907116, 36.5037003, 0.481408447, -0.876208305, 0.0224696454, 36.9597015, 0.0282814447, 0.0411506519, 0.998752594, -0.312611997, 0, 0, 0, 1 ]
 }

"VariableSE3QuaternionRightAD" { 
  "#id" : 23, 
  "graph_id" : 22, 
  "status" : 0, 
  "estimate" : [ -0.885430336, -0.46382314, 0.0296653118, 32.9606018, 0.464514732, -0.885256529, 0.0233589727, 38.9446983, 0.0154269943, 0.0344627351, 0.99928689, -0.209107995, 0, 0, 0, 1 ]
 }

"VariableSE3QuaternionRightAD" { 
  "#id" : 24, 
  "graph_id" : 23, 
  "status" : 0, 
  "estimate" : [ -0.900411725, -0.434215128, 0.0267210435, 29.1404991, 0.434716552, -0.900406003, 0.0169891901, 40.9566002, 0.0166828465, 0.0269133672, 0.999498546, -0.123021998, 0, 0, 0, 1 ]
 }

"VariableSE3QuaternionRightAD" { 
  "#id" : 25, 
  "graph_id" : 24, 
  "status" : 0, 
  "estimate" : [ -0.915374756, -0.401848108, 0.0245936979, 25.0331993, 0.402361035, -0.915227294, 0.0214993339, 42.9656982, 0.0138693806, 0.0295755249, 0.9994663, -0.0375878997, 0, 0, 0, 1 ]
 }

"VariableSE3QuaternionRightAD" { 
  "#id" : 26, 
  "graph_id" : 25, 
  "status" : 0, 
  "estimate" : [ -0.927945733, -0.371602893, 0.0288368315, 20.9762001, 0.372357219, -0.927676797, 0.0277393516, 44.780899, 0.016443193, 0.0364781544, 0.999199152, 0.0363382995, 0, 0, 0, 1 ]
 }

"VariableSE3QuaternionRightAD" { 
  "#id" : 27, 
  "graph_id" : 26, 
  "status" : 0, 
  "estimate" : [ -0.937962532, -0.345785648, 0.0256634057, 16.5811996, 0.346434265, -0.937664628, 0.0277196169, 46.5886002, 0.0144786229, 0.0348906443, 0.999286234, 0.114563003, 0, 0, 0, 1 ]
 }

"VariableSE3QuaternionRightAD" { 
  "#id" : 28, 
  "graph_id" : 27, 
  "status" : 0, 
  "estimate" : [ -0.94760704, -0.318785697, 0.0203368254, 12.0068998, 0.31926325, -0.947259665, 0.0276975073, 48.3454018, 0.0104347086, 0.0327391997, 0.999409437, 0.165592, 0, 0, 0, 1 ]
 }

"VariableSE3QuaternionRightAD" { 
  "#id" : 29, 
  "graph_id" : 28, 
  "status" : 0, 
  "estimate" : [ -0.95721209, -0.288728416, 0.0194853377, 8.15557003, 0.289191395, -0.95686388, 0.0279015303, 49.6753006, 0.010588862, 0.0323426947, 0.999420762, 0.225808993, 0, 0, 0, 1 ]
 }

"VariableSE3QuaternionRightAD" { 
  "#id" : 30, 
  "graph_id" : 29, 
  "status" : 0, 
  "estimate" : [ -0.967598677, -0.25225243, 0.0109043363, 3.33105993, 0.252443224, -0.967337728, 0.0229647234, 51.1367989, 0.00475528045, 0.0249733925, 0.999676824, 0.289375991, 0, 0, 0, 1 ]
 }

"VariableSE3QuaternionRightAD" { 
  "#id" : 31, 
  "graph_id" : 30, 
  "status" : 0, 
  "estimate" : [ -0.975602269, -0.219333619, 0.00981651526, -1.4368, 0.219515234, -0.975289464, 0.0250389259, 52.4067001, 0.0040820539, 0.026582865, 0.999638259, 0.346237004, 0, 0, 0, 1 ]
 }

"VariableSE3QuaternionRightAD" { 
  "#id" : 32, 
  "graph_id" : 31, 
  "status" : 0, 
  "estimate" : [ -0.981101394, -0.19347094, 0.00311549054, -6.09884024, 0.193491101, -0.980834484, 0.0229237638, 53.4926987, -0.00137930177, 0.0230933502, 0.999732375, 0.387535006, 0, 0, 0, 1 ]
 }

"VariableSE3QuaternionRightAD" { 
  "#id" : 33, 
  "graph_id" : 32, 
  "status" : 0, 
  "estimate" : [ -0.985382438, -0.170350537, 7.65864897e-05, -10.9073, 0.170315906, -0.985172868, 0.0206090044, 54.5135994, -0.00343530555, 0.020320816, 0.999787629, 0.424677014, 0, 0, 0, 1 ]
 }

"VariableSE3QuaternionRightAD" { 
  "#id" : 34, 
  "graph_id" : 33, 
  "status" : 0, 
  "estimate" : [ -0.989814878, -0.142268077, -0.00476144813, -15.5066996, 0.142117441, -0.989562392, 0.0237731934, 55.3620987, -0.00809392799, 0.0228544176, 0.99970603, 0.43562001, 0, 0, 0, 1 ]
 }

"VariableSE3QuaternionRightAD" { 
  "#id" : 35, 
  "graph_id" : 34, 
  "status" : 0, 
  "estimate" : [ -0.993617177, -0.112345636, -0.0101993112, -20.0300999, 0.112109169, -0.993466377, 0.0213746466, 56.046299, -0.0125340158, 0.0200947747, 0.999719501, 0.443360001, 0, 0, 0, 1 ]
 }

"VariableSE3QuaternionRightAD" { 
  "#id" : 36, 
  "graph_id" : 35, 
  "status" : 0, 
  "estimate" : [ -0.996497631, -0.0821415037, -0.0155817224, -24.5193005, 0.0817043111, -0.99629283, 0.0268801786, 56.5924988, -0.0177319571, 0.025512971, 0.999517202, 0.420635015, 0, 0, 0, 1 ]
 }

"VariableSE3QuaternionRightAD" { 
  "#id" : 37, 
  "graph_id" : 36, 
  "status" : 0, 
  "estimate" : [ -0.998596907, -0.0510921404, -0.0140131656, -28.8185997, 0.0506095141, -0.99817884, 0.0328681804, 56.9984016, -0.0156669319, 0.0321128257, 0.999361455, 0.38647601, 0, 0, 0, 1 ]
 }

"VariableSE3QuaternionRightAD" { 
  "#id" : 38, 
  "graph_id" : 37, 
  "status" : 0, 
  "estimate" : [ -0.999498487, -0.0191752687, -0.0252708569, -33.0567017, 0.0184361972, -0.999406457, 0.0291614328, 57.235199, -0.0258149914, 0.0286808591, 0.99925524, 0.353121996, 0, 0, 0, 1 ]
 }

"VariableSE3QuaternionRightAD" { 
  "#id" : 39, 
  "graph_id" : 38, 
  "status" : 0, 
  "estimate" : [ -0.999500275, 0.0192310791, -0.0251009986, -37.7865982, -0.0199122652, -0.999432683, 0.0271760803, 57.3406982, -0.0245641246, 0.0276623089, 0.999315441, 0.286040008, 0, 0, 0, 1 ]
 }

"VariableSE3QuaternionRightAD" { 
  "#id" : 40, 
  "graph_id" : 39, 
  "status" : 0, 
  "estimate" : [ -0.998215079, 0.0547500402, -0.0238946378, -42.0055008, -0.0551723987, -0.998326421, 0.0173892789, 57.2719994, -0.0229025595, 0.0186765492, 0.999563217, 0.223106995, 0, 0, 0, 1 ]
 }

"VariableSE3QuaternionRightAD" { 
  "#id" : 41, 
  "graph_id" : 40, 
  "status" : 0, 
  "estimate" : [ -0.994974971, 0.0919236392, -0.0397234224, -46.4687004, -0.0931665078, -0.99518013, 0.0306562949, 57.0806007, -0.0367138572, 0.0342030898, 0.998740315, 0.211869001, 0, 0, 0, 1 ]
 }

"VariableSE3QuaternionRightAD" { 
  "#id" : 42, 
  "graph_id" : 41, 
  "status" : 0, 
  "estimate" : [ -0.99343431, 0.109903112, -0.0317448527, -50.6052017, -0.110406615, -0.993778825, 0.0145638706, 56.7041016, -0.029946778, 0.0179731064, 0.999389887, 0.103639998, 0, 0, 0, 1 ]
 }

"VariableSE3QuaternionRightAD" { 
  "#id" : 43, 
  "graph_id" : 42, 
  "status" : 0, 
  "estimate" : [ -0.998129487, 0.0562795214, -0.0238626357, -54.7099991, -0.0567377321, -0.998208404, 0.0189801138, 56.3796997, -0.0227516983, 0.0202985313, 0.999535084, 0.0428600982, 0, 0, 0, 1 ]
 }

"VariableSE3QuaternionRightAD" { 
  "#id" : 44, 
  "graph_id" : 43, 
  "status" : 0, 
  "estimate" : [ -0.9618752, -0.272104591, -0.0274338406, -58.7985001, 0.271661907, -0.962207437, 0.018816879, 56.7932014, -0.0315172449, 0.0106467791, 0.999446511, -0.0502822995, 0, 0, 0, 1 ]
 }

"VariableSE3QuaternionRightAD" { 
  "#id" : 45, 
  "graph_id" : 44, 
  "status" : 0, 
  "estimate" : [ -0.68112421, -0.732059717, 0.0124398833, -62.2923012, 0.730729818, -0.680753946, -0.051031854, 58.7462997, 0.0458269268, -0.0256689172, 0.998619556, -0.178258002, 0, 0, 0, 1 ]
 }

"VariableSE3QuaternionRightAD" { 
  "#id" : 46, 
  "graph_id" : 45, 
  "status" : 0, 
  "estimate" : [ -0.447571993, -0.892676055, -0.0530236214, -64.5768967, 0.893420637, -0.448922634, 0.0164540634, 62.3283997, -0.0384915695, -0.0400079973, 0.99845767, -0.079072997, 0, 0, 0, 1 ]
 }

"VariableSE3QuaternionRightAD" { 
  "#id" : 47, 
  "graph_id" : 46, 
  "status" : 0, 
  "estimate" : [ -0.361185551, -0.931024134, -0.0523212999, -66.2265015, 0.932018042, -0.362223744, 0.0116124367, 66.2432022, -0.0297635198, -0.0445701703, 0.998562753, -0.229169995, 0, 0, 0, 1 ]
 }

"VariableSE3QuaternionRightAD" { 
  "#id" : 48, 
  "graph_id" : 47, 
  "status" : 0, 
  "estimate" : [ -0.271720767, -0.959933579, -0.0685120299, -67.5882034, 0.961055994, -0.274386168, 0.0328948013, 70.4464035, -0.0503756478, -0.0569057092, 0.997107804, -0.346130997, 0, 0, 0, 1 ]
 }

"VariableSE3QuaternionRightAD" { 
  "#id" : 49, 
  "graph_id" : 48, 
  "status" : 0, 
  "estimate" : [ -0.16872859, -0.985153675, -0.0316616446, -68.3805008, 0.985662282, -0.168627858, -0.00584600493, 74.4343033, 0.000420173834, -0.0321940817, 0.999481559, -0.529689014, 0, 0, 0, 1 ]
 }

"VariableSE3QuaternionRightAD" { 
  "#id" : 50, 
  "graph_id" : 49, 
  "status" : 0, 
  "estimate" : [ -0.0460487604, -0.998680174, -0.0227902941, -68.8070984, 0.997288764, -0.0446493626, -0.058511097, 78.6400986, 0.0574162677, -0.0254227854, 0.998026609, -0.478985012, 0, 0, 0, 1 ]
 }

"VariableSE3QuaternionRightAD" { 
  "#id" : 51, 
  "graph_id" : 50, 
  "status" : 0, 
  "estimate" : [ 0.108447075, -0.99376297, -0.0259364676, -68.6069031, 0.993980706, 0.108803511, -0.012746484, 82.7223969, 0.0154889533, -0.0243980642, 0.99958235, -0.235076994, 0, 0, 0, 1 ]
 }

"VariableSE3QuaternionRightAD" { 
  "#id" : 52, 
  "graph_id" : 51, 
  "status" : 0, 
  "estimate" : [ 0.258181036, -0.966029227, -0.0114188958, -67.7720032, 0.965360761, 0.257505059, 0.0420714766, 86.9209976, -0.0377018414, -0.0218854137, 0.999049366, -0.20307, 0, 0, 0, 1 ]
 }

"VariableSE3QuaternionRightAD" { 
  "#id" : 53, 
  "graph_id" : 52, 
  "status" : 0, 
  "estimate" : [ 0.5049541, -0.863073051, -0.0112228626, -66.0277023, 0.862184167, 0.503735065, 0.0537508205, 90.9677963, -0.0407375507, -0.0368178673, 0.998491287, -0.35819599, 0, 0, 0, 1 ]
 }

"VariableSE3QuaternionRightAD" { 
  "#id" : 54, 
  "graph_id" : 53, 
  "status" : 0, 
  "estimate" : [ 0.665048003, -0.746776938, -0.00597862666, -63.4919014, 0.746249676, 0.66422832, 0.0437324792, 94.1442032, -0.0286872145, -0.0335457511, 0.999025404, -0.497833997, 0, 0, 0, 1 ]
 }

"VariableSE3QuaternionRightAD" { 
  "#id" : 55, 
  "graph_id" : 54, 
  "status" : 0, 
  "estimate" : [ 0.684529066, -0.728969574, -0.00480670109, -60.5040016, 0.728501141, 0.683819175, 0.0409535244, 97.1976013, -0.0265669711, -0.0315355621, 0.999149501, -0.611748993, 0, 0, 0, 1 ]
 }

"VariableSE3QuaternionRightAD" { 
  "#id" : 56, 
  "graph_id" : 55, 
  "status" : 0, 
  "estimate" : [ 0.66250968, -0.749052465, -0.00106175046, -57.4599991, 0.748351634, 0.661827207, 0.0442095734, 100.406998, -0.0324126035, -0.0300838333, 0.999021709, -0.726347029, 0, 0, 0, 1 ]
 }

"VariableSE3QuaternionRightAD" { 
  "#id" : 57, 
  "graph_id" : 56, 
  "status" : 0, 
  "estimate" : [ 0.63937068, -0.768892944, 0.0029830737, -54.5372009, 0.767670095, 0.638563514, 0.0540310107, 103.700996, -0.0434489399, -0.0322558284, 0.998534799, -0.860758007, 0, 0, 0, 1 ]
 }

"VariableSE3QuaternionRightAD" { 
  "#id" : 58, 
  "graph_id" : 57, 
  "status" : 0, 
  "estimate" : [ 0.629751086, -0.776771486, -0.00627163099, -51.5587997, 0.776067019, 0.628789067, 0.0484146737, 107.181, -0.033663623, -0.0353563949, 0.998807609, -1.03821003, 0, 0, 0, 1 ]
 }

"VariableSE3QuaternionRightAD" { 
  "#id" : 59, 
  "graph_id" : 58, 
  "status" : 0, 
  "estimate" : [ 0.621592045, -0.783330798, -0.0040562558, -48.5639992, 0.782486081, 0.620663166, 0.049929712, 110.745003, -0.0365939029, -0.0342098773, 0.998744488, -1.18157995, 0, 0, 0, 1 ]
 }

"VariableSE3QuaternionRightAD" { 
  "#id" : 60, 
  "graph_id" : 59, 
  "status" : 0, 
  "estimate" : [ 0.611663342, -0.791117966, -0.000374550262, -45.5447998, 0.789765239, 0.610589623, 0.0587444976, 114.447998, -0.0462451428, -0.0362276547, 0.998272955, -1.33872998, 0, 0, 0, 1 ]
 }

"VariableSE3QuaternionRightAD" { 
  "#id" : 61, 
  "graph_id" : 60, 
  "status" : 0, 
  "estimate" : [ 0.600283146, -0.79977417, -0.00468346477, -43.0620995, 0.798544109, 0.599012911, 0.0592569672, 117.578003, -0.0445867032, -0.0393109284, 0.998231769, -1.49555004, 0, 0, 0, 1 ]
 }

"VariableSE3QuaternionRightAD" { 
  "#id" : 62, 
  "graph_id" : 61, 
  "status" : 0, 
  "estimate" : [ 0.587976515, -0.808869839, -0.00369933178, -40.2755013, 0.80749315, 0.586696029, 0.0611806437, 121.184998, -0.0473167636, -0.03895998, 0.998119831, -1.69872999, 0, 0, 0, 1 ]
 }

"VariableSE3QuaternionRightAD" { 
  "#id" : 63, 
  "graph_id" : 62, 
  "status" : 0, 
  "estimate" : [ 0.583361328, -0.812051952, -0.016166361, -37.5303001, 0.811362803, 0.581724942, 0.0573291071, 124.872002, -0.0371498242, -0.0465603694, 0.998224437, -1.87689996, 0, 0, 0, 1 ]
 }

"VariableSE3QuaternionRightAD" { 
  "#id" : 64, 
  "graph_id" : 63, 
  "status" : 0, 
  "estimate" : [ 0.589189529, -0.807368875, -0.0317829214, -34.8624992, 0.807523191, 0.587047458, 0.057276383, 128.455002, -0.0275851618, -0.0594120957, 0.997852325, -2.00375009, 0, 0, 0, 1 ]
 }

"VariableSE3QuaternionRightAD" { 
  "#id" : 65, 
  "graph_id" : 64, 
  "status" : 0, 
  "estimate" : [ 0.590093017, -0.806743801, -0.0309058577, -32.2410011, 0.806860983, 0.588001311, 0.056835968, 131.906006, -0.0276793465, -0.0584752336, 0.997905076, -2.10491991, 0, 0, 0, 1 ]
 }

"VariableSE3QuaternionRightAD" { 
  "#id" : 66, 
  "graph_id" : 65, 
  "status" : 0, 
  "estimate" : [ 0.582872212, -0.811879218, -0.033342775, -29.5046005, 0.812248588, 0.581013083, 0.0517269596, 135.529999, -0.0226234775, -0.0572328344, 0.998104513, -2.20093012, 0, 0, 0, 1 ]
 }

"VariableSE3QuaternionRightAD" { 
  "#id" : 67, 
  "graph_id" : 66, 
  "status" : 0, 
  "estimate" : [ 0.571819067, -0.819690168, -0.0336274579, -26.6994991, 0.820126772, 0.570144653, 0.0482389703, 139.332993, -0.0203685109, -0.055162739, 0.998269618, -2.28768992, 0, 0, 0, 1 ]
 }

"VariableSE3QuaternionRightAD" { 
  "#id" : 68, 
  "graph_id" : 67, 
  "status" : 0, 
  "estimate" : [ 0.561478555, -0.826920271, -0.0307277795, -23.9986, 0.827220738, 0.559958935, 0.046382919, 143.080002, -0.0211487096, -0.0514616705, 0.998450994, -2.36982012, 0, 0, 0, 1 ]
 }

"VariableSE3QuaternionRightAD" { 
  "#id" : 69, 
  "graph_id" : 68, 
  "status" : 0, 
  "estimate" : [ 0.555077434, -0.831345022, -0.0274834689, -21.3822994, 0.831328571, 0.553349137, 0.0519456156, 146.845993, -0.0279767197, -0.0516816303, 0.998271644, -2.43592, 0, 0, 0, 1 ]
 }

"VariableSE3QuaternionRightAD" { 
  "#id" : 70, 
  "graph_id" : 69, 
  "status" : 0, 
  "estimate" : [ 0.57058841, -0.820786357, -0.0271749068, -19.0070992, 0.820867956, 0.569029689, 0.0487941541, 150.154999, -0.0245862585, -0.0501483902, 0.998439133, -2.50802994, 0, 0, 0, 1 ]
 }

"VariableSE3QuaternionRightAD" { 
  "#id" : 71, 
  "graph_id" : 70, 
  "status" : 0, 
  "estimate" : [ 0.546198726, -0.837186515, -0.0280346591, -16.5312004, 0.837385714, 0.54486692, 0.0436528586, 153.651001, -0.0212704111, -0.0473189577, 0.998653352, -2.56732988, 0, 0, 0, 1 ]
 }

"VariableSE3QuaternionRightAD" { 
  "#id" : 72, 
  "graph_id" : 71, 
  "status" : 0, 
  "estimate" : [ 0.456555188, -0.889174521, -0.0304327514, -14.1978998, 0.889190137, 0.454876661, 0.0492774062, 157.408997, -0.029973058, -0.0495583564, 0.998321354, -2.62969995, 0, 0, 0, 1 ]
 }

"VariableSE3QuaternionRightAD" { 
  "#id" : 73, 
  "graph_id" : 72, 
  "status" : 0, 
  "estimate" : [ 0.207198799, -0.977834523, -0.0301306844, -12.5312004, 0.977548301, 0.205735683, 0.0455159508, 161.440002, -0.0383081287, -0.0388850495, 0.998509109, -2.74585009, 0, 0, 0, 1 ]
 }

"VariableSE3QuaternionRightAD" { 
  "#id" : 74, 
  "graph_id" : 73, 
  "status" : 0, 
  "estimate" : [ -0.199128509, -0.979355931, -0.0347966179, -12.3453999, 0.978990436, -0.200393558, 0.0376977324, 165.529007, -0.0438924879, -0.026558863, 0.998683155, -2.90440011, 0, 0, 0, 1 ]
 }

"VariableSE3QuaternionRightAD" { 
  "#id" : 75, 
  "graph_id" : 74, 
  "status" : 0, 
  "estimate" : [ -0.570030689, -0.821620047, -0.00264734752, -13.9216995, 0.821510494, -0.570002437, 0.0148093086, 169.556, -0.0136766117, 0.00626692735, 0.999886811, -3.10459995, 0, 0, 0, 1 ]
 }

"VariableSE3QuaternionRightAD" { 
  "#id" : 76, 
  "graph_id" : 75, 
  "status" : 0, 
  "estimate" : [ -0.792482257, -0.609862328, 0.0063870023, -16.7922001, 0.609854579, -0.792506933, -0.00332364254, 172.682007, 0.0070887045, 0.00126121507, 0.999974072, -3.09598994, 0, 0, 0, 1 ]
 }

"VariableSE3QuaternionRightAD" { 
  "#id" : 77, 
  "graph_id" : 76, 
  "status" : 0, 
  "estimate" : [ -0.823819995, -0.565417051, -0.0403248966, -20.1051006, 0.564507842, -0.824797511, 0.03228046, 174.973007, -0.0515117422, 0.0038295479, 0.998665035, -3.0924499, 0, 0, 0, 1 ]
 }

"VariableSE3QuaternionRightAD" { 
  "#id" : 78, 
  "graph_id" : 77, 
  "status" : 0, 
  "estimate" : [ -0.530703425, -0.847249925, -0.0228546709, -23.1166992, 0.847336471, -0.530988336, 0.00855331682, 177.822998, -0.0193823501, -0.0148263192, 0.999702215, -3.27617002, 0, 0, 0, 1 ]
 }

"VariableSE3QuaternionRightAD" { 
  "#id" : 79, 
  "graph_id" : 78, 
  "status" : 0, 
  "estimate" : [ 0.113898396, -0.993286312, -0.0202282816, -24.1308002, 0.993481696, 0.113779545, 0.00693387864, 181.962997, -0.00458576623, -0.0208861865, 0.999771357, -3.32505989, 0, 0, 0, 1 ]
 }

"VariableSE3QuaternionRightAD" { 
  "#id" : 80, 
  "graph_id" : 79, 
  "status" : 0, 
  "estimate" : [ 0.540559471, -0.841280341, -0.00657479884, -22.4972, 0.841221511, 0.540377855, 0.0183981564, 185.858002, -0.0119251227, -0.0154761607, 0.999809146, -3.34115005, 0, 0, 0, 1 ]
 }

"VariableSE3QuaternionRightAD" { 
  "#id" : 81, 
  "graph_id" : 80, 
  "status" : 0, 
  "estimate" : [ 0.608633757, -0.793447256, 0.00253362604, -19.9619999, 0.792950869, 0.608360171, 0.0335682817, 189.210007, -0.028176019, -0.0184217487, 0.999433219, -3.42404008, 0, 0, 0, 1 ]
 }

"VariableSE3QuaternionRightAD" { 
  "#id" : 82, 
  "graph_id" : 81, 
  "status" : 0, 
  "estimate" : [ 0.607229888, -0.794525325, -0.00141911081, -17.4559002, 0.794219255, 0.606944382, 0.0288941767, 192.311996, -0.0220958162, -0.0186725017, 0.999581456, -3.48218989, 0, 0, 0, 1 ]
 }

"VariableSE3QuaternionRightAD" { 
  "#id" : 83, 
  "graph_id" : 82, 
  "status" : 0, 
  "estimate" : [ 0.592844486, -0.805316627, -0.000334218028, -14.8774996, 0.804913938, 0.592534781, 0.0318675563, 195.576996, -0.0254654512, -0.0191615112, 0.999492049, -3.57246995, 0, 0, 0, 1 ]
 }

"VariableSE3QuaternionRightAD" { 
  "#id" : 84, 
  "graph_id" : 83, 
  "status" : 0, 
  "estimate" : [ 0.566034079, -0.824378073, -0.00230417307, -12.3772001, 0.823800504, 0.565528214, 0.0391118266, 198.977997, -0.0309398882, -0.0240367912, 0.999232173, -3.73307991, 0, 0, 0, 1 ]
 }

"VariableSE3QuaternionRightAD" { 
  "#id" : 85, 
  "graph_id" : 84, 
  "status" : 0, 
  "estimate" : [ 0.489498436, -0.871978462, -0.00672589475, -9.99744987, 0.871841729, 0.489243627, 0.0230877083, 202.341995, -0.0168413743, -0.0171653163, 0.999710798, -3.74337006, 0, 0, 0, 1 ]
 }

"VariableSE3QuaternionRightAD" { 
  "#id" : 86, 
  "graph_id" : 85, 
  "status" : 0, 
  "estimate" : [ 0.169019043, -0.98560673, -0.00339643145, -8.36909008, 0.985503674, 0.168948114, 0.0154516222, 206.313004, -0.0146554075, -0.00595881185, 0.99987483, -3.80378008, 0, 0, 0, 1 ]
 }

"VariableSE3QuaternionRightAD" { 
  "#id" : 87, 
  "graph_id" : 86, 
  "status" : 0, 
  "estimate" : [ -0.269543052, -0.962975979, 0.00493924739, -8.40818024, 0.962908208, -0.269450665, 0.0143061494, 210.529007, -0.0124455933, 0.00861215871, 0.99988544, -3.97548008, 0, 0, 0, 1 ]
 }

"VariableSE3QuaternionRightAD" { 
  "#id" : 88, 
  "graph_id" : 87, 
  "status" : 0, 
  "estimate" : [ -0.659205556, -0.751816332, 0.0148056541, -10.3267002, 0.751961946, -0.659063816, 0.0136799216, 214.302002, -0.000526914606, 0.0201511793, 0.999796808, -4.01935005, 0, 0, 0, 1 ]
 }

"VariableSE3QuaternionRightAD" { 
  "#id" : 89, 
  "graph_id" : 88, 
  "status" : 0, 
  "estimate" : [ -0.830168009, -0.557292342, -0.0156484693, -13.4510002, 0.556917608, -0.830252051, 0.022868393, 217.065002, -0.0257365704, 0.0102697136, 0.999616027, -3.9788301, 0, 0, 0, 1 ]
 }

"VariableSE3QuaternionRightAD" { 
  "#id" : 90, 
  "graph_id" : 89, 
  "status" : 0, 
  "estimate" : [ -0.846731782, -0.531300724, -0.027653601, -16.7803993, 0.530896246, -0.847177744, 0.0209532622, 219.257996, -0.0345599987, 0.00306060165, 0.999397933, -4.09735012, 0, 0, 0, 1 ]
 }

"VariableSE3QuaternionRightAD" { 
  "#id" : 91, 
  "graph_id" : 90, 
  "status" : 0, 
  "estimate" : [ -0.813769698, -0.58100301, -0.0146227144, -20.3108006, 0.581003368, -0.813887477, 0.0046587931, 221.712006, -0.0146080218, -0.00470466167, 0.999882221, -4.21126986, 0, 0, 0, 1 ]
 }

"VariableSE3QuaternionRightAD" { 
  "#id" : 92, 
  "graph_id" : 91, 
  "status" : 0, 
  "estimate" : [ -0.786089897, -0.617812812, -0.0192827489, -23.7952003, 0.617852032, -0.786282301, 0.00456579588, 224.457993, -0.0179824736, -0.00832475815, 0.999803662, -4.28653002, 0, 0, 0, 1 ]
 }

"VariableSE3QuaternionRightAD" { 
  "#id" : 93, 
  "graph_id" : 92, 
  "status" : 0, 
  "estimate" : [ -0.783333659, -0.621491492, -0.0116455825, -26.8146, 0.621436536, -0.783419967, 0.0083001554, 226.992004, -0.0142818643, -0.00073519646, 0.999897718, -4.35523987, 0, 0, 0, 1 ]
 }

"VariableSE3QuaternionRightAD" { 
  "#id" : 94, 
  "graph_id" : 93, 
  "status" : 0, 
  "estimate" : [ -0.790409803, -0.612542272, -0.00656664697, -30.0638008, 0.612388194, -0.790386558, 0.0163853914, 229.705002, -0.0152269416, 0.00892984401, 0.999844193, -4.39915991, 0, 0, 0, 1 ]
 }

"VariableSE3QuaternionRightAD" { 
  "#id" : 95, 
  "graph_id" : 94, 
  "status" : 0, 
  "estimate" : [ -0.802314401, -0.596896648, 0.0020545444, -33.3637009, 0.596835792, -0.802172422, 0.0174515154, 232.339005, -0.00876865629, 0.015227844, 0.999845624, -4.44667006, 0, 0, 0, 1 ]
 }

"VariableSE3QuaternionRightAD" { 
  "#id" : 96, 
  "graph_id" : 95, 
  "status" : 0, 
  "estimate" : [ -0.81287539, -0.581918955, -0.0246443637, -36.8801994, 0.581142008, -0.813160658, 0.0323607624, 234.988007, -0.0388711058, 0.0119833527, 0.99917239, -4.49486017, 0, 0, 0, 1 ]
 }

"VariableSE3QuaternionRightAD" { 
  "#id" : 97, 
  "graph_id" : 96, 
  "status" : 0, 
  "estimate" : [ -0.819344997, -0.572897315, -0.021563597, -40.4640007, 0.572537839, -0.819615126, 0.0208349638, 237.604996, -0.0296101086, 0.00472503109, 0.999550343, -4.6542201, 0, 0, 0, 1 ]
 }

"VariableSE3QuaternionRightAD" { 
  "#id" : 98, 
  "graph_id" : 97, 
  "status" : 0, 
  "estimate" : [ -0.821796656, -0.569401801, -0.0208114684, -44.0304985, 0.569273293, -0.822058201, 0.0122299111, 240.192001, -0.0240719542, -0.00179691671, 0.999708593, -4.76704979, 0, 0, 0, 1 ]
 }

"VariableSE3QuaternionRightAD" { 
  "#id" : 99, 
  "graph_id" : 98, 
  "status" : 0, 
  "estimate" : [ -0.824355841, -0.565703869, -0.0204778221, -47.475399, 0.565428078, -0.824603915, 0.0179533623, 242.682999, -0.0270423423, 0.00322120753, 0.99962908, -4.85911989, 0, 0, 0, 1 ]
 }

"VariableSE3QuaternionRightAD" { 
  "#id" : 100, 
  "graph_id" : 99, 
  "status" : 0, 
  "estimate" : [ -0.826419711, -0.562512398, -0.0247600004, -50.9901009, 0.562247097, -0.826790452, 0.0172763169, 245.186996, -0.0301894322, 0.000356236967, 0.999544144, -4.9671402, 0, 0, 0, 1 ]
 }

"VariableSE3QuaternionRightAD" { 
  "#id" : 101, 
  "graph_id" : 100, 
  "status" : 0, 
  "estimate" : [ -0.827656507, -0.56091243, -0.0190094803, -54.6054001, 0.560605764, -0.827857852, 0.0192904547, 247.766006, -0.0265574101, 0.00530905044, 0.999633193, -5.07174015, 0, 0, 0, 1 ]
 }

"VariableSE3QuaternionRightAD" { 
  "#id" : 102, 
  "graph_id" : 101, 
  "status" : 0, 
  "estimate" : [ -0.843316317, -0.537414908, -0.000319536077, -57.8778992, 0.537300289, -0.84314847, 0.0201550033, 250.072006, -0.0111010242, 0.0168253835, 0.999796808, -5.1624198, 0, 0, 0, 1 ]
 }

"VariableSE3QuaternionRightAD" { 
  "#id" : 103, 
  "graph_id" : 102, 
  "status" : 0, 
  "estimate" : [ -0.889641166, -0.456624389, -0.00548666064, -61.4175987, 0.456237495, -0.88927412, 0.0321887247, 252.324005, -0.0195773188, 0.0261332337, 0.999466777, -4.90819979, 0, 0, 0, 1 ]
 }

"VariableSE3QuaternionRightAD" { 
  "#id" : 104, 
  "graph_id" : 103, 
  "status" : 0, 
  "estimate" : [ -0.974156499, -0.224254087, -0.0270193238, -65.4084015, 0.222971186, -0.973846316, 0.0436801203, 254.093002, -0.0361081026, 0.0365267284, 0.998680115, -5.08413982, 0, 0, 0, 1 ]
 }

"VariableSE3QuaternionRightAD" { 
  "#id" : 105, 
  "graph_id" : 104, 
  "status" : 0, 
  "estimate" : [ -0.996111155, 0.0851333886, -0.0226563085, -69.6392975, -0.0860997885, -0.995233059, 0.0457888357, 254.440994, -0.0186501611, 0.0475615077, 0.998694181, -5.13492012, 0, 0, 0, 1 ]
 }

"VariableSE3QuaternionRightAD" { 
  "#id" : 106, 
  "graph_id" : 105, 
  "status" : 0, 
  "estimate" : [ -0.908329129, 0.417369157, -0.0271622688, -73.6856995, -0.418122739, -0.907746315, 0.0341546386, 253.526993, -0.0104013905, 0.0423808843, 0.999047399, -5.16694021, 0, 0, 0, 1 ]
 }

"VariableSE3QuaternionRightAD" { 
  "#id" : 107, 
  "graph_id" : 106, 
  "status" : 0, 
  "estimate" : [ -0.702263117, 0.711778879, -0.0140650561, -77.0698013, -0.711832821, -0.701737046, 0.0293192826, 251.431, 0.0109988749, 0.0306018107, 0.999471128, -5.20058012, 0, 0, 0, 1 ]
 }

"VariableSE3QuaternionRightAD" { 
  "#id" : 108, 
  "graph_id" : 107, 
  "status" : 0, 
  "estimate" : [ -0.299871802, 0.953978896, 0.000124484141, -79.543602, -0.953320861, -0.299669862, 0.0370969921, 247.932999, 0.0354270674, 0.0110056922, 0.999311686, -5.06729984, 0, 0, 0, 1 ]
 }

"VariableSE3QuaternionRightAD" { 
  "#id" : 109, 
  "graph_id" : 108, 
  "status" : 0, 
  "estimate" : [ 0.234131396, 0.972067595, -0.0163482875, -79.8693008, -0.971109033, 0.234632611, 0.0435320437, 243.744003, 0.0461519249, 0.00568374339, 0.998918235, -4.93692017, 0, 0, 0, 1 ]
 }

"VariableSE3QuaternionRightAD" { 
  "#id" : 110, 
  "graph_id" : 109, 
  "status" : 0, 
  "estimate" : [ 0.62850976, 0.77764976, -0.0153572308, -78.0836029, -0.776716948, 0.628553391, 0.0403844863, 240.132004, 0.0410578437, -0.0134538021, 0.999066174, -4.77460003, 0, 0, 0, 1 ]
 }

"VariableSE3QuaternionRightAD" { 
  "#id" : 111, 
  "graph_id" : 110, 
  "status" : 0, 
  "estimate" : [ 0.780376554, 0.62530458, -0.00258599571, -75.1278992, -0.624973476, 0.780085564, 0.029575374, 236.973007, 0.0205109138, -0.0214637499, 0.999559224, -4.56556988, 0, 0, 0, 1 ]
 }

"VariableSE3QuaternionRightAD" { 
  "#id" : 112, 
  "graph_id" : 111, 
  "status" : 0, 
  "estimate" : [ 0.824256182, 0.566176295, 0.00677735545, -71.6781006, -0.566173732, 0.823986709, 0.0222014729, 234.378998, 0.00698550791, -0.0221368615, 0.999730527, -4.52903986, 0, 0, 0, 1 ]
 }

"VariableSE3QuaternionRightAD" { 
  "#id" : 113, 
  "graph_id" : 112, 
  "status" : 0, 
  "estimate" : [ 0.833265245, 0.552785456, 0.0098652672, -68.1363983, -0.552767754, 0.832624197, 0.034421064, 231.992004, 0.0108134001, -0.0341350771, 0.999358714, -4.48557997, 0, 0, 0, 1 ]
 }

"VariableSE3QuaternionRightAD" { 
  "#id" : 114, 
  "graph_id" : 113, 
  "status" : 0, 
  "estimate" : [ 0.834963083, 0.55026269, 0.00687753595, -64.3583984, -0.550138831, 0.834337115, 0.0350494571, 229.291, 0.0135482475, -0.0330486, 0.999361932, -4.39062977, 0, 0, 0, 1 ]
 }

"VariableSE3QuaternionRightAD" { 
  "#id" : 115, 
  "graph_id" : 114, 
  "status" : 0, 
  "estimate" : [ 0.835497558, 0.549423933, 0.00878963061, -61.0178986, -0.549305618, 0.834684908, 0.0395536236, 227.014999, 0.0143951289, -0.0378751494, 0.999178767, -4.34847021, 0, 0, 0, 1 ]
 }

"VariableSE3QuaternionRightAD" { 
  "#id" : 116, 
  "graph_id" : 115, 
  "status" : 0, 
  "estimate" : [ 0.83574307, 0.549072325, 0.00727649592, -57.6206017, -0.548892796, 0.834941506, 0.0398647264, 224.710007, 0.0158131849, -0.0373106822, 0.999178588, -4.2729001, 0, 0, 0, 1 ]
 }

"VariableSE3QuaternionRightAD" { 
  "#id" : 117, 
  "graph_id" : 116, 
  "status" : 0, 
  "estimate" : [ 0.834888935, 0.55035311, -0.00846638158, -54.1052017, -0.549752295, 0.834536672, 0.0363428853, 222.225998, 0.0270669367, -0.0256878547, 0.99930352, -4.17139006, 0, 0, 0, 1 ]
 }

"VariableSE3QuaternionRightAD" { 
  "#id" : 118, 
  "graph_id" : 117, 
  "status" : 0, 
  "estimate" : [ 0.831511676, 0.555369973, -0.0123458104, -50.7607994, -0.554672182, 0.831274867, 0.0363427214, 219.901001, 0.0304464232, -0.0233715177, 0.999263108, -4.06613016, 0, 0, 0, 1 ]
 }

"VariableSE3QuaternionRightAD" { 
  "#id" : 119, 
  "graph_id" : 118, 
  "status" : 0, 
  "estimate" : [ 0.825512052, 0.564176619, 0.0153124295, -47.3067017, -0.564384162, 0.825230718, 0.0215551127, 217.498993, -0.000475392444, -0.0264360998, 0.999650419, -3.91535997, 0, 0, 0, 1 ]
 }

"VariableSE3QuaternionRightAD" { 
  "#id" : 120, 
  "graph_id" : 119, 
  "status" : 0, 
  "estimate" : [ 0.821682215, 0.569806337, 0.0126066338, -44.0503998, -0.569945753, 0.821475923, 0.0184102617, 215.108002, 0.000134244372, -0.0223124828, 0.999751031, -3.88707995, 0, 0, 0, 1 ]
 }

"VariableSE3QuaternionRightAD" { 
  "#id" : 121, 
  "graph_id" : 120, 
  "status" : 0, 
  "estimate" : [ 0.816758633, 0.576842606, 0.0125711216, -40.3830986, -0.576970994, 0.816433609, 0.0232531279, 212.425003, 0.00314990547, -0.0262453631, 0.999650598, -3.86819005, 0, 0, 0, 1 ]
 }

"VariableSE3QuaternionRightAD" { 
  "#id" : 122, 
  "graph_id" : 121, 
  "status" : 0, 
  "estimate" : [ 0.822112918, 0.56911099, 0.0155995283, -36.8344994, -0.569319725, 0.821681678, 0.0267316606, 209.826004, 0.00239541964, -0.0308575593, 0.999520898, -3.82073998, 0, 0, 0, 1 ]
 }

"VariableSE3QuaternionRightAD" { 
  "#id" : 123, 
  "graph_id" : 122, 
  "status" : 0, 
  "estimate" : [ 0.828778207, 0.559344113, 0.0161521938, -33.2583008, -0.55956769, 0.828249991, 0.0297661144, 207.291, 0.00327144121, -0.0337077528, 0.999426365, -3.77015996, 0, 0, 0, 1 ]
 }

"VariableSE3QuaternionRightAD" { 
  "#id" : 124, 
  "graph_id" : 123, 
  "status" : 0, 
  "estimate" : [ 0.825044334, 0.565041542, -0.00547907362, -29.9864998, -0.56465143, 0.824769497, 0.0304006264, 204.938004, 0.0216965843, -0.0219880994, 0.999522805, -3.70032001, 0, 0, 0, 1 ]
 }

"VariableSE3QuaternionRightAD" { 
  "#id" : 125, 
  "graph_id" : 124, 
  "status" : 0, 
  "estimate" : [ 0.81181705, 0.583796084, 0.0116433762, -26.5095005, -0.583892882, 0.811466634, 0.0243172515, 202.419006, 0.00474808877, -0.0265396424, 0.999636471, -3.56597996, 0, 0, 0, 1 ]
 }

"VariableSE3QuaternionRightAD" { 
  "#id" : 126, 
  "graph_id" : 125, 
  "status" : 0, 
  "estimate" : [ 0.714427948, 0.699332237, 0.0229518246, -23.3041992, -0.699614584, 0.714485526, 0.00703525869, 199.807999, -0.0114787556, -0.0210836269, 0.999711812, -3.5567801, 0, 0, 0, 1 ]
 }

"VariableSE3QuaternionRightAD" { 
  "#id" : 127, 
  "graph_id" : 126, 
  "status" : 0, 
  "estimate" : [ 0.389981329, 0.920440197, 0.0265454184, -20.9123993, -0.92069757, 0.389290571, 0.0277329534, 196.526001, 0.0151926372, -0.0352556333, 0.999262869, -3.60663009, 0, 0, 0, 1 ]
 }

"VariableSE3QuaternionRightAD" { 
  "#id" : 128, 
  "graph_id" : 127, 
  "status" : 0, 
  "estimate" : [ -0.155293345, 0.987719655, 0.017151203, -20.3980999, -0.987614453, -0.155623674, 0.0199802313, 192.438995, 0.0224039964, -0.0138359824, 0.99965328, -3.47024989, 0, 0, 0, 1 ]
 }

"VariableSE3QuaternionRightAD" { 
  "#id" : 129, 
  "graph_id" : 128, 
  "status" : 0, 
  "estimate" : [ -0.520016432, 0.854150295, 0.00342729921, -21.9312992, -0.85412395, -0.520027518, 0.00672751665, 188.757996, 0.00752859423, 0.000571077457, 0.999971509, -3.3713901, 0, 0, 0, 1 ]
 }

"VariableSE3QuaternionRightAD" { 
  "#id" : 130, 
  "graph_id" : 129, 
  "status" : 0, 
  "estimate" : [ -0.599731207, 0.800199389, -0.00219851756, -24.2782993, -0.80020237, -0.599727988, 0.00200220896, 185.557999, 0.00028365475, 0.00296004396, 0.999995589, -3.35089993, 0, 0, 0, 1 ]
 }

"VariableSE3QuaternionRightAD" { 
  "#id" : 131, 
  "graph_id" : 130, 
  "status" : 0, 
  "estimate" : [ -0.583224654, 0.812310874, 0.000108240529, -26.9342995, -0.812310934, -0.583224654, -8.8680943e-05, 182.130997, -8.90795309e-06, -0.000139645868, 1, -3.34149003, 0, 0, 0, 1 ]
 }

"VariableSE3QuaternionRightAD" { 
  "#id" : 132, 
  "graph_id" : 131, 
  "status" : 0, 
  "estimate" : [ -0.56022954, 0.828335702, -0.000768512778, -29.3980007, -0.828334749, -0.560230136, -0.00125895033, 178.781998, -0.00147337909, -6.87163556e-05, 0.999998927, -3.32674003, 0, 0, 0, 1 ]
 }

"VariableSE3QuaternionRightAD" { 
  "#id" : 133, 
  "graph_id" : 132, 
  "status" : 0, 
  "estimate" : [ -0.562296152, 0.826856732, 0.0114593999, -31.8073006, -0.82693398, -0.562272191, -0.00552775199, 175.220001, 0.00187264197, -0.0125843994, 0.999919057, -3.28144002, 0, 0, 0, 1 ]
 }

"VariableSE3QuaternionRightAD" { 
  "#id" : 134, 
  "graph_id" : 133, 
  "status" : 0, 
  "estimate" : [ -0.572724462, 0.819460809, 0.0216870848, -34.3667984, -0.81958431, -0.572938085, 0.00481162686, 171.787994, 0.0163683016, -0.0150186587, 0.999753237, -3.28248, 0, 0, 0, 1 ]
 }

"VariableSE3QuaternionRightAD" { 
  "#id" : 135, 
  "graph_id" : 134, 
  "status" : 0, 
  "estimate" : [ -0.56676352, 0.823680341, 0.0181509275, -36.8065987, -0.823788404, -0.566891909, 0.002447651, 168.356003, 0.0123056984, -0.0135652851, 0.999832273, -3.1775701, 0, 0, 0, 1 ]
 }

"VariableSE3QuaternionRightAD" { 
  "#id" : 136, 
  "graph_id" : 135, 
  "status" : 0, 
  "estimate" : [ -0.549343944, 0.835451007, 0.0156122018, -39.1203003, -0.835482657, -0.549481869, 0.00627010362, 165.057999, 0.0138169788, -0.00959927961, 0.999858439, -3.10790992, 0, 0, 0, 1 ]
 }

"VariableSE3QuaternionRightAD" { 
  "#id" : 137, 
  "graph_id" : 136, 
  "status" : 0, 
  "estimate" : [ -0.542708397, 0.839808822, 0.0137944445, -41.4673996, -0.83985728, -0.542797327, 0.00350986584, 161.710007, 0.0104351919, -0.00968052726, 0.999898672, -3.04452991, 0, 0, 0, 1 ]
 }

"VariableSE3QuaternionRightAD" { 
  "#id" : 138, 
  "graph_id" : 137, 
  "status" : 0, 
  "estimate" : [ -0.628490329, 0.777799964, 0.00524151884, -43.8044014, -0.777800262, -0.628416896, -0.0109252762, 158.343002, -0.0052038203, -0.0109432824, 0.999926567, -2.92196012, 0, 0, 0, 1 ]
 }

"VariableSE3QuaternionRightAD" { 
  "#id" : 139, 
  "graph_id" : 138, 
  "status" : 0, 
  "estimate" : [ -0.859462023, 0.511187494, 0.00369591801, -46.9318008, -0.51114893, -0.859249234, -0.0204675999, 155.505005, -0.0072870655, -0.019480275, 0.999783695, -2.92379999, 0, 0, 0, 1 ]
 }

"VariableSE3QuaternionRightAD" { 
  "#id" : 140, 
  "graph_id" : 139, 
  "status" : 0, 
  "estimate" : [ -0.993816733, 0.111030944, 0.00121751439, -50.7655983, -0.111033283, -0.99362123, -0.0197374541, 154.244003, -0.000981720048, -0.0197505858, 0.999804437, -2.94275999, 0, 0, 0, 1 ]
 }

"VariableSE3QuaternionRightAD" { 
  "#id" : 141, 
  "graph_id" : 140, 
  "status" : 0, 
  "estimate" : [ -0.970037222, -0.24286148, 0.00677281804, -54.7504005, 0.242794782, -0.970032334, -0.00937462039, 154.688004, 0.0088465875, -0.00744932704, 0.999933124, -2.99833989, 0, 0, 0, 1 ]
 }

"VariableSE3QuaternionRightAD" { 
  "#id" : 142, 
  "graph_id" : 141, 
  "status" : 0, 
